# "BaMM.dat" produced by dat_write() from R2admb Sun May 11 12:21:10 2014
# altitude 
 10 

# aspect 
 0.001 

# DST 
 0 

# Latitude 
 59.55 

# Longitude 
 -159.06 

# Slope 
 0.001 

# SolarConst 
 1367 

# TimeZone 
 -8 

# Transmiss 
 0.8 

# Area 
 1 

# Depth 
 0.22 

# Salinity 
 0 

# alphaP 
 1 

# alphaGK 
 0.9972 

# SMeasFlag 
 1 

# LightSatFlag 
2

# SScale 
 0.2762658 

# RKstep 
 2 

# n_irr 
 317 

# n_tC 
 317 

# n_O2conc 
 317 

# n_d18O 
 2 

# irr 
 233.7 388.7 278.7 306.2 376.2 326.2 443.7 366.2 341.2 408.7 381.2 308.7 256.2 281.2 268.7 243.7 256.2 298.7 371.2 548.7 583.7 546.2 461.2 463.7 453.7 423.7 448.7 523.7 488.7 386.2 306.2 323.7 306.2 366.2 431.2 471.2 451.2 443.7 453.7 443.7 343.7 291.2 321.2 258.7 243.7 218.7 253.7 238.7 203.7 226.2 186.2 181.2 171.2 151.2 153.7 151.2 128.7 116.2 96.2 68.7 58.7 48.7 43.7 31.2 18.7 11.2 6.2 6.2 3.7 1.2 1.2 1.2 1.2 1.2 1.2 1.2 1.2 1.2 1.2 1.2 1.2 1.2 1.2 1.2 1.2 1.2 1.2 1.2 1.2 1.2 1.2 1.2 1.2 1.2 1.2 1.2 1.2 1.2 1.2 1.2 1.2 1.2 1.2 1.2 1.2 1.2 1.2 1.2 1.2 1.2 1.2 1.2 1.2 1.2 1.2 1.2 3.7 3.7 8.7 13.7 16.2 28.7 36.2 43.7 53.7 81.2 76.2 113.7 143.7 93.7 138.7 253.7 311.2 371.2 391.2 393.7 431.2 441.2 433.7 408.7 368.7 416.2 516.2 558.7 698.7 616.2 893.7 1381.2 1316.2 1543.7 1746.2 1528.7 1731.2 941.2 643.7 638.7 741.2 931.2 828.7 856.2 1141.2 988.7 938.7 1538.7 913.7 653.7 543.7 458.7 468.7 413.7 583.7 1113.7 1536.2 1071.2 896.2 1251.2 763.7 1073.7 881.2 786.2 673.7 491.2 448.7 463.7 441.2 346.2 288.7 408.7 453.7 371.2 216.2 176.2 166.2 121.2 103.7 91.2 66.2 46.2 43.7 41.2 38.7 38.7 23.7 28.7 23.7 16.2 8.7 6.2 3.7 1.2 1.2 1.2 1.2 1.2 1.2 1.2 1.2 1.2 1.2 1.2 1.2 1.2 1.2 1.2 1.2 1.2 1.2 1.2 1.2 1.2 1.2 1.2 1.2 1.2 1.2 1.2 1.2 1.2 1.2 1.2 1.2 1.2 1.2 1.2 1.2 1.2 1.2 1.2 1.2 1.2 1.2 1.2 1.2 1.2 1.2 1.2 1.2 3.7 6.2 11.2 23.7 21.2 16.2 13.7 31.2 33.7 33.7 48.7 38.7 38.7 43.7 51.2 53.7 66.2 93.7 66.2 76.2 101.2 116.2 128.7 138.7 138.7 136.2 148.7 183.7 166.2 191.2 198.7 213.7 221.2 236.2 201.2 191.2 253.7 251.2 231.2 198.7 278.7 266.2 218.7 228.7 216.2 208.7 223.7 226.2 198.7 213.7 211.2 236.2 238.7 311.2 348.7 356.2 368.7 361.2 378.7 286.2 

#  
 204 204 204 204 204 204 204 204 204 204 204 204 204 204 204 204 204 204 204 204 204 204 204 204 204 204 204 204 204 204 204 204 204 204 204 204 204 204 204 204 204 204 204 204 204 204 204 204 204 204 204 204 204 204 204 204 204 204 204 204 204 204 204 204 204 204 204 204 204 204 204 204 205 205 205 205 205 205 205 205 205 205 205 205 205 205 205 205 205 205 205 205 205 205 205 205 205 205 205 205 205 205 205 205 205 205 205 205 205 205 205 205 205 205 205 205 205 205 205 205 205 205 205 205 205 205 205 205 205 205 205 205 205 205 205 205 205 205 205 205 205 205 205 205 205 205 205 205 205 205 205 205 205 205 205 205 205 205 205 205 205 205 205 205 205 205 205 205 205 205 205 205 205 205 205 205 205 205 205 205 205 205 205 205 205 205 205 205 205 205 205 205 205 205 205 205 205 205 205 205 205 205 205 205 205 205 205 205 205 205 205 205 205 205 205 205 206 206 206 206 206 206 206 206 206 206 206 206 206 206 206 206 206 206 206 206 206 206 206 206 206 206 206 206 206 206 206 206 206 206 206 206 206 206 206 206 206 206 206 206 206 206 206 206 206 206 206 206 206 206 206 206 206 206 206 206 206 206 206 206 206 206 206 206 206 206 206 206 206 206 206 206 206 206 206 206 206 206 206 206 206 206 206 206 206 206 206 206 206 206 206 206 206 206 206 206 206 

#  
 12 12.17 12.33 12.5 12.67 12.83 13 13.17 13.33 13.5 13.67 13.83 14 14.17 14.33 14.5 14.67 14.83 15 15.17 15.33 15.5 15.67 15.83 16 16.17 16.33 16.5 16.67 16.83 17 17.17 17.33 17.5 17.67 17.83 18 18.17 18.33 18.5 18.67 18.83 19 19.17 19.33 19.5 19.67 19.83 20 20.17 20.33 20.5 20.67 20.83 21 21.17 21.33 21.5 21.67 21.83 22 22.17 22.33 22.5 22.67 22.83 23 23.17 23.33 23.5 23.67 23.83 0 0.17 0.33 0.5 0.67 0.83 1 1.17 1.33 1.5 1.67 1.83 2 2.17 2.33 2.5 2.67 2.83 3 3.17 3.33 3.5 3.67 3.83 4 4.17 4.33 4.5 4.67 4.83 5 5.17 5.33 5.5 5.67 5.83 6 6.17 6.33 6.5 6.67 6.83 7 7.17 7.33 7.5 7.67 7.83 8 8.17 8.33 8.5 8.67 8.83 9 9.17 9.33 9.5 9.67 9.83 10 10.17 10.33 10.5 10.67 10.83 11 11.17 11.33 11.5 11.67 11.83 12 12.17 12.33 12.5 12.67 12.83 13 13.17 13.33 13.5 13.67 13.83 14 14.17 14.33 14.5 14.67 14.83 15 15.17 15.33 15.5 15.67 15.83 16 16.17 16.33 16.5 16.67 16.83 17 17.17 17.33 17.5 17.67 17.83 18 18.17 18.33 18.5 18.67 18.83 19 19.17 19.33 19.5 19.67 19.83 20 20.17 20.33 20.5 20.67 20.83 21 21.17 21.33 21.5 21.67 21.83 22 22.17 22.33 22.5 22.67 22.83 23 23.17 23.33 23.5 23.67 23.83 0 0.17 0.33 0.5 0.67 0.83 1 1.17 1.33 1.5 1.67 1.83 2 2.17 2.33 2.5 2.67 2.83 3 3.17 3.33 3.5 3.67 3.83 4 4.17 4.33 4.5 4.67 4.83 5 5.17 5.33 5.5 5.67 5.83 6 6.17 6.33 6.5 6.67 6.83 7 7.17 7.33 7.5 7.67 7.83 8 8.17 8.33 8.5 8.67 8.83 9 9.17 9.33 9.5 9.67 9.83 10 10.17 10.33 10.5 10.67 10.83 11 11.17 11.33 11.5 11.67 11.83 12 12.17 12.33 12.5 12.67 12.83 13 13.17 13.33 13.5 13.67 13.83 14 14.17 14.33 14.5 14.67 14.83 15 15.17 15.33 15.5 15.67 15.83 16 16.17 16.33 16.5 16.67 

#  
 0 0.17 0.33 0.5 0.67 0.83 1 1.17 1.33 1.5 1.67 1.83 2 2.17 2.33 2.5 2.67 2.83 3 3.17 3.33 3.5 3.67 3.83 4 4.17 4.33 4.5 4.67 4.83 5 5.17 5.33 5.5 5.67 5.83 6 6.17 6.33 6.5 6.67 6.83 7 7.17 7.33 7.5 7.67 7.83 8 8.17 8.33 8.5 8.67 8.83 9 9.17 9.33 9.5 9.67 9.83 10 10.17 10.33 10.5 10.67 10.83 11 11.17 11.33 11.5 11.67 11.83 12 12.17 12.33 12.5 12.67 12.83 13 13.17 13.33 13.5 13.67 13.83 14 14.17 14.33 14.5 14.67 14.83 15 15.17 15.33 15.5 15.67 15.83 16 16.17 16.33 16.5 16.67 16.83 17 17.17 17.33 17.5 17.67 17.83 18 18.17 18.33 18.5 18.67 18.83 19 19.17 19.33 19.5 19.67 19.83 20 20.17 20.33 20.5 20.67 20.83 21 21.17 21.33 21.5 21.67 21.83 22 22.17 22.33 22.5 22.67 22.83 23 23.17 23.33 23.5 23.67 23.83 24 24.17 24.33 24.5 24.67 24.83 25 25.17 25.33 25.5 25.67 25.83 26 26.17 26.33 26.5 26.67 26.83 27 27.17 27.33 27.5 27.67 27.83 28 28.17 28.33 28.5 28.67 28.83 29 29.17 29.33 29.5 29.67 29.83 30 30.17 30.33 30.5 30.67 30.83 31 31.17 31.33 31.5 31.67 31.83 32 32.17 32.33 32.5 32.67 32.83 33 33.17 33.33 33.5 33.67 33.83 34 34.17 34.33 34.5 34.67 34.83 35 35.17 35.33 35.5 35.67 35.83 36 36.17 36.33 36.5 36.67 36.83 37 37.17 37.33 37.5 37.67 37.83 38 38.17 38.33 38.5 38.67 38.83 39 39.17 39.33 39.5 39.67 39.83 40 40.17 40.33 40.5 40.67 40.83 41 41.17 41.33 41.5 41.67 41.83 42 42.17 42.33 42.5 42.67 42.83 43 43.17 43.33 43.5 43.67 43.83 44 44.17 44.33 44.5 44.67 44.83 45 45.17 45.33 45.5 45.67 45.83 46 46.17 46.33 46.5 46.67 46.83 47 47.17 47.33 47.5 47.67 47.83 48 48.17 48.33 48.5 48.67 48.83 49 49.17 49.33 49.5 49.67 49.83 50 50.17 50.33 50.5 50.67 50.83 51 51.17 51.33 51.5 51.67 51.83 52 52.17 52.33 52.5 52.67 

# temp 
 10.58 10.67 10.73 10.76 10.82 10.87 10.94 11.02 11.06 11.1 11.16 11.23 11.31 11.39 11.46 11.52 11.6 11.67 11.74 11.79 11.84 11.86 11.87 11.86 11.84 11.84 11.85 11.85 11.87 11.88 11.89 11.87 11.87 11.89 11.88 11.88 11.87 11.87 11.85 11.82 11.8 11.78 11.75 11.71 11.68 11.65 11.61 11.58 11.54 11.51 11.48 11.45 11.42 11.38 11.34 11.3 11.27 11.23 11.19 11.16 11.12 11.09 11.06 11.02 10.98 10.94 10.89 10.84 10.79 10.76 10.71 10.67 10.63 10.6 10.56 10.53 10.5 10.46 10.43 10.39 10.35 10.3 10.25 10.22 10.19 10.16 10.14 10.12 10.1 10.08 10.08 10.07 10.06 10.05 10.04 10.03 10.02 10.01 10.01 10 9.99 9.98 9.97 9.97 9.97 9.96 9.96 9.96 9.95 9.94 9.94 9.93 9.93 9.94 9.95 9.95 9.95 9.95 9.95 9.96 9.96 9.97 9.98 10 10.03 10.06 10.08 10.11 10.13 10.16 10.19 10.23 10.26 10.31 10.35 10.41 10.49 10.57 10.66 10.72 10.75 10.79 10.81 10.86 10.93 10.97 11 11.06 11.17 11.24 11.26 11.37 11.45 11.61 11.94 12.26 12.37 12.53 12.61 12.71 12.87 13 13.17 13.42 13.73 13.92 14.06 14.23 14.33 14.42 14.6 14.74 14.86 14.91 14.9 14.87 14.84 14.77 14.68 14.56 14.43 14.31 14.19 14.06 13.91 13.76 13.61 13.47 13.34 13.23 13.09 12.94 12.8 12.65 12.5 12.36 12.23 12.1 11.97 11.86 11.76 11.66 11.57 11.48 11.41 11.34 11.29 11.24 11.19 11.14 11.1 11.05 11 10.96 10.92 10.88 10.83 10.78 10.73 10.68 10.64 10.59 10.56 10.54 10.51 10.48 10.46 10.44 10.42 10.4 10.38 10.37 10.35 10.33 10.31 10.29 10.28 10.26 10.25 10.23 10.21 10.2 10.19 10.18 10.17 10.16 10.15 10.14 10.13 10.12 10.12 10.11 10.11 10.1 10.09 10.09 10.08 10.07 10.07 10.07 10.07 10.07 10.06 10.05 10.06 10.07 10.07 10.07 10.08 10.08 10.09 10.09 10.09 10.09 10.1 10.12 10.14 10.16 10.19 10.21 10.24 10.26 10.29 10.31 10.33 10.35 10.38 10.4 10.44 10.48 10.52 10.58 10.63 10.67 10.7 10.73 10.76 10.8 10.85 10.89 10.9 10.9 10.9 10.91 10.94 10.98 11.02 11.05 11.08 11.11 11.17 11.2 11.22 11.24 11.26 11.29 11.35 

#  
 204 204 204 204 204 204 204 204 204 204 204 204 204 204 204 204 204 204 204 204 204 204 204 204 204 204 204 204 204 204 204 204 204 204 204 204 204 204 204 204 204 204 204 204 204 204 204 204 204 204 204 204 204 204 204 204 204 204 204 204 204 204 204 204 204 204 204 204 204 204 204 204 205 205 205 205 205 205 205 205 205 205 205 205 205 205 205 205 205 205 205 205 205 205 205 205 205 205 205 205 205 205 205 205 205 205 205 205 205 205 205 205 205 205 205 205 205 205 205 205 205 205 205 205 205 205 205 205 205 205 205 205 205 205 205 205 205 205 205 205 205 205 205 205 205 205 205 205 205 205 205 205 205 205 205 205 205 205 205 205 205 205 205 205 205 205 205 205 205 205 205 205 205 205 205 205 205 205 205 205 205 205 205 205 205 205 205 205 205 205 205 205 205 205 205 205 205 205 205 205 205 205 205 205 205 205 205 205 205 205 205 205 205 205 205 205 206 206 206 206 206 206 206 206 206 206 206 206 206 206 206 206 206 206 206 206 206 206 206 206 206 206 206 206 206 206 206 206 206 206 206 206 206 206 206 206 206 206 206 206 206 206 206 206 206 206 206 206 206 206 206 206 206 206 206 206 206 206 206 206 206 206 206 206 206 206 206 206 206 206 206 206 206 206 206 206 206 206 206 206 206 206 206 206 206 206 206 206 206 206 206 206 206 206 206 206 206 

#  
 12 12.17 12.33 12.5 12.67 12.83 13 13.17 13.33 13.5 13.67 13.83 14 14.17 14.33 14.5 14.67 14.83 15 15.17 15.33 15.5 15.67 15.83 16 16.17 16.33 16.5 16.67 16.83 17 17.17 17.33 17.5 17.67 17.83 18 18.17 18.33 18.5 18.67 18.83 19 19.17 19.33 19.5 19.67 19.83 20 20.17 20.33 20.5 20.67 20.83 21 21.17 21.33 21.5 21.67 21.83 22 22.17 22.33 22.5 22.67 22.83 23 23.17 23.33 23.5 23.67 23.83 0 0.17 0.33 0.5 0.67 0.83 1 1.17 1.33 1.5 1.67 1.83 2 2.17 2.33 2.5 2.67 2.83 3 3.17 3.33 3.5 3.67 3.83 4 4.17 4.33 4.5 4.67 4.83 5 5.17 5.33 5.5 5.67 5.83 6 6.17 6.33 6.5 6.67 6.83 7 7.17 7.33 7.5 7.67 7.83 8 8.17 8.33 8.5 8.67 8.83 9 9.17 9.33 9.5 9.67 9.83 10 10.17 10.33 10.5 10.67 10.83 11 11.17 11.33 11.5 11.67 11.83 12 12.17 12.33 12.5 12.67 12.83 13 13.17 13.33 13.5 13.67 13.83 14 14.17 14.33 14.5 14.67 14.83 15 15.17 15.33 15.5 15.67 15.83 16 16.17 16.33 16.5 16.67 16.83 17 17.17 17.33 17.5 17.67 17.83 18 18.17 18.33 18.5 18.67 18.83 19 19.17 19.33 19.5 19.67 19.83 20 20.17 20.33 20.5 20.67 20.83 21 21.17 21.33 21.5 21.67 21.83 22 22.17 22.33 22.5 22.67 22.83 23 23.17 23.33 23.5 23.67 23.83 0 0.17 0.33 0.5 0.67 0.83 1 1.17 1.33 1.5 1.67 1.83 2 2.17 2.33 2.5 2.67 2.83 3 3.17 3.33 3.5 3.67 3.83 4 4.17 4.33 4.5 4.67 4.83 5 5.17 5.33 5.5 5.67 5.83 6 6.17 6.33 6.5 6.67 6.83 7 7.17 7.33 7.5 7.67 7.83 8 8.17 8.33 8.5 8.67 8.83 9 9.17 9.33 9.5 9.67 9.83 10 10.17 10.33 10.5 10.67 10.83 11 11.17 11.33 11.5 11.67 11.83 12 12.17 12.33 12.5 12.67 12.83 13 13.17 13.33 13.5 13.67 13.83 14 14.17 14.33 14.5 14.67 14.83 15 15.17 15.33 15.5 15.67 15.83 16 16.17 16.33 16.5 16.67 

#  
 0 0.17 0.33 0.5 0.67 0.83 1 1.17 1.33 1.5 1.67 1.83 2 2.17 2.33 2.5 2.67 2.83 3 3.17 3.33 3.5 3.67 3.83 4 4.17 4.33 4.5 4.67 4.83 5 5.17 5.33 5.5 5.67 5.83 6 6.17 6.33 6.5 6.67 6.83 7 7.17 7.33 7.5 7.67 7.83 8 8.17 8.33 8.5 8.67 8.83 9 9.17 9.33 9.5 9.67 9.83 10 10.17 10.33 10.5 10.67 10.83 11 11.17 11.33 11.5 11.67 11.83 12 12.17 12.33 12.5 12.67 12.83 13 13.17 13.33 13.5 13.67 13.83 14 14.17 14.33 14.5 14.67 14.83 15 15.17 15.33 15.5 15.67 15.83 16 16.17 16.33 16.5 16.67 16.83 17 17.17 17.33 17.5 17.67 17.83 18 18.17 18.33 18.5 18.67 18.83 19 19.17 19.33 19.5 19.67 19.83 20 20.17 20.33 20.5 20.67 20.83 21 21.17 21.33 21.5 21.67 21.83 22 22.17 22.33 22.5 22.67 22.83 23 23.17 23.33 23.5 23.67 23.83 24 24.17 24.33 24.5 24.67 24.83 25 25.17 25.33 25.5 25.67 25.83 26 26.17 26.33 26.5 26.67 26.83 27 27.17 27.33 27.5 27.67 27.83 28 28.17 28.33 28.5 28.67 28.83 29 29.17 29.33 29.5 29.67 29.83 30 30.17 30.33 30.5 30.67 30.83 31 31.17 31.33 31.5 31.67 31.83 32 32.17 32.33 32.5 32.67 32.83 33 33.17 33.33 33.5 33.67 33.83 34 34.17 34.33 34.5 34.67 34.83 35 35.17 35.33 35.5 35.67 35.83 36 36.17 36.33 36.5 36.67 36.83 37 37.17 37.33 37.5 37.67 37.83 38 38.17 38.33 38.5 38.67 38.83 39 39.17 39.33 39.5 39.67 39.83 40 40.17 40.33 40.5 40.67 40.83 41 41.17 41.33 41.5 41.67 41.83 42 42.17 42.33 42.5 42.67 42.83 43 43.17 43.33 43.5 43.67 43.83 44 44.17 44.33 44.5 44.67 44.83 45 45.17 45.33 45.5 45.67 45.83 46 46.17 46.33 46.5 46.67 46.83 47 47.17 47.33 47.5 47.67 47.83 48 48.17 48.33 48.5 48.67 48.83 49 49.17 49.33 49.5 49.67 49.83 50 50.17 50.33 50.5 50.67 50.83 51 51.17 51.33 51.5 51.67 51.83 52 52.17 52.33 52.5 52.67 

# O2data 
 11.76 11.77 11.75 11.69 11.7 11.66 11.68 11.66 11.62 11.6 11.63 11.65 11.68 11.67 11.66 11.61 11.61 11.62 11.61 11.6 11.6 11.57 11.52 11.48 11.45 11.49 11.52 11.54 11.55 11.55 11.49 11.44 11.44 11.46 11.41 11.44 11.47 11.47 11.46 11.4 11.38 11.34 11.3 11.24 11.24 11.28 11.29 11.29 11.29 11.29 11.25 11.21 11.19 11.18 11.16 11.14 11.11 11.08 11.07 11.06 11.04 11.02 11.01 10.99 10.98 10.96 10.94 10.94 10.93 10.92 10.92 10.92 10.91 10.91 10.91 10.92 10.92 10.93 10.93 10.93 10.94 10.95 10.95 10.96 10.96 10.98 10.98 10.99 10.99 11 11 11 11 11 11.01 11.01 11.01 11.01 11.01 11.02 11.01 11.02 11.02 11.03 11.03 11.03 11.03 11.03 11.03 11.04 11.05 11.06 11.06 11.08 11.08 11.08 11.09 11.1 11.11 11.12 11.15 11.21 11.23 11.29 11.35 11.4 11.4 11.43 11.48 11.53 11.57 11.6 11.61 11.65 11.68 11.72 11.79 11.81 11.84 11.79 11.74 11.71 11.7 11.75 11.79 11.75 11.67 11.68 11.76 11.75 11.75 11.77 11.77 11.78 11.74 11.7 11.65 11.59 11.55 11.54 11.49 11.43 11.39 11.36 11.31 11.22 11.21 11.2 11.17 11.14 11.11 11.06 11 10.97 10.95 10.94 10.94 10.94 10.94 10.94 10.98 11.03 11.07 11.1 11.1 11.11 11.11 11.1 11.11 11.1 11.05 11.02 11.05 11.03 10.98 10.93 10.91 10.91 10.9 10.89 10.89 10.9 10.9 10.9 10.89 10.88 10.87 10.86 10.85 10.85 10.85 10.85 10.85 10.85 10.85 10.86 10.86 10.87 10.87 10.88 10.9 10.9 10.91 10.91 10.92 10.93 10.93 10.94 10.95 10.95 10.95 10.96 10.96 10.96 10.97 10.97 10.98 10.98 10.98 10.99 10.99 11 11 11.01 11.01 11 11.01 11.01 11.01 11.01 11.01 11.02 11.01 11.02 11.02 11.04 11.03 11.04 11.04 11.05 11.06 11.06 11.09 11.1 11.11 11.14 11.16 11.15 11.17 11.18 11.17 11.18 11.2 11.23 11.3 11.36 11.38 11.41 11.43 11.44 11.43 11.44 11.47 11.49 11.49 11.53 11.58 11.58 11.65 11.67 11.73 11.77 11.78 11.75 11.73 11.69 11.66 11.68 11.74 11.76 11.69 11.66 11.6 11.59 11.67 11.73 11.76 11.74 11.71 11.74 11.75 11.69 11.64 11.63 11.65 11.68 11.74 

#  
 204 204 204 204 204 204 204 204 204 204 204 204 204 204 204 204 204 204 204 204 204 204 204 204 204 204 204 204 204 204 204 204 204 204 204 204 204 204 204 204 204 204 204 204 204 204 204 204 204 204 204 204 204 204 204 204 204 204 204 204 204 204 204 204 204 204 204 204 204 204 204 204 205 205 205 205 205 205 205 205 205 205 205 205 205 205 205 205 205 205 205 205 205 205 205 205 205 205 205 205 205 205 205 205 205 205 205 205 205 205 205 205 205 205 205 205 205 205 205 205 205 205 205 205 205 205 205 205 205 205 205 205 205 205 205 205 205 205 205 205 205 205 205 205 205 205 205 205 205 205 205 205 205 205 205 205 205 205 205 205 205 205 205 205 205 205 205 205 205 205 205 205 205 205 205 205 205 205 205 205 205 205 205 205 205 205 205 205 205 205 205 205 205 205 205 205 205 205 205 205 205 205 205 205 205 205 205 205 205 205 205 205 205 205 205 205 206 206 206 206 206 206 206 206 206 206 206 206 206 206 206 206 206 206 206 206 206 206 206 206 206 206 206 206 206 206 206 206 206 206 206 206 206 206 206 206 206 206 206 206 206 206 206 206 206 206 206 206 206 206 206 206 206 206 206 206 206 206 206 206 206 206 206 206 206 206 206 206 206 206 206 206 206 206 206 206 206 206 206 206 206 206 206 206 206 206 206 206 206 206 206 206 206 206 206 206 206 

#  
 12 12.17 12.33 12.5 12.67 12.83 13 13.17 13.33 13.5 13.67 13.83 14 14.17 14.33 14.5 14.67 14.83 15 15.17 15.33 15.5 15.67 15.83 16 16.17 16.33 16.5 16.67 16.83 17 17.17 17.33 17.5 17.67 17.83 18 18.17 18.33 18.5 18.67 18.83 19 19.17 19.33 19.5 19.67 19.83 20 20.17 20.33 20.5 20.67 20.83 21 21.17 21.33 21.5 21.67 21.83 22 22.17 22.33 22.5 22.67 22.83 23 23.17 23.33 23.5 23.67 23.83 0 0.17 0.33 0.5 0.67 0.83 1 1.17 1.33 1.5 1.67 1.83 2 2.17 2.33 2.5 2.67 2.83 3 3.17 3.33 3.5 3.67 3.83 4 4.17 4.33 4.5 4.67 4.83 5 5.17 5.33 5.5 5.67 5.83 6 6.17 6.33 6.5 6.67 6.83 7 7.17 7.33 7.5 7.67 7.83 8 8.17 8.33 8.5 8.67 8.83 9 9.17 9.33 9.5 9.67 9.83 10 10.17 10.33 10.5 10.67 10.83 11 11.17 11.33 11.5 11.67 11.83 12 12.17 12.33 12.5 12.67 12.83 13 13.17 13.33 13.5 13.67 13.83 14 14.17 14.33 14.5 14.67 14.83 15 15.17 15.33 15.5 15.67 15.83 16 16.17 16.33 16.5 16.67 16.83 17 17.17 17.33 17.5 17.67 17.83 18 18.17 18.33 18.5 18.67 18.83 19 19.17 19.33 19.5 19.67 19.83 20 20.17 20.33 20.5 20.67 20.83 21 21.17 21.33 21.5 21.67 21.83 22 22.17 22.33 22.5 22.67 22.83 23 23.17 23.33 23.5 23.67 23.83 0 0.17 0.33 0.5 0.67 0.83 1 1.17 1.33 1.5 1.67 1.83 2 2.17 2.33 2.5 2.67 2.83 3 3.17 3.33 3.5 3.67 3.83 4 4.17 4.33 4.5 4.67 4.83 5 5.17 5.33 5.5 5.67 5.83 6 6.17 6.33 6.5 6.67 6.83 7 7.17 7.33 7.5 7.67 7.83 8 8.17 8.33 8.5 8.67 8.83 9 9.17 9.33 9.5 9.67 9.83 10 10.17 10.33 10.5 10.67 10.83 11 11.17 11.33 11.5 11.67 11.83 12 12.17 12.33 12.5 12.67 12.83 13 13.17 13.33 13.5 13.67 13.83 14 14.17 14.33 14.5 14.67 14.83 15 15.17 15.33 15.5 15.67 15.83 16 16.17 16.33 16.5 16.67 

#  
 0 0.17 0.33 0.5 0.67 0.83 1 1.17 1.33 1.5 1.67 1.83 2 2.17 2.33 2.5 2.67 2.83 3 3.17 3.33 3.5 3.67 3.83 4 4.17 4.33 4.5 4.67 4.83 5 5.17 5.33 5.5 5.67 5.83 6 6.17 6.33 6.5 6.67 6.83 7 7.17 7.33 7.5 7.67 7.83 8 8.17 8.33 8.5 8.67 8.83 9 9.17 9.33 9.5 9.67 9.83 10 10.17 10.33 10.5 10.67 10.83 11 11.17 11.33 11.5 11.67 11.83 12 12.17 12.33 12.5 12.67 12.83 13 13.17 13.33 13.5 13.67 13.83 14 14.17 14.33 14.5 14.67 14.83 15 15.17 15.33 15.5 15.67 15.83 16 16.17 16.33 16.5 16.67 16.83 17 17.17 17.33 17.5 17.67 17.83 18 18.17 18.33 18.5 18.67 18.83 19 19.17 19.33 19.5 19.67 19.83 20 20.17 20.33 20.5 20.67 20.83 21 21.17 21.33 21.5 21.67 21.83 22 22.17 22.33 22.5 22.67 22.83 23 23.17 23.33 23.5 23.67 23.83 24 24.17 24.33 24.5 24.67 24.83 25 25.17 25.33 25.5 25.67 25.83 26 26.17 26.33 26.5 26.67 26.83 27 27.17 27.33 27.5 27.67 27.83 28 28.17 28.33 28.5 28.67 28.83 29 29.17 29.33 29.5 29.67 29.83 30 30.17 30.33 30.5 30.67 30.83 31 31.17 31.33 31.5 31.67 31.83 32 32.17 32.33 32.5 32.67 32.83 33 33.17 33.33 33.5 33.67 33.83 34 34.17 34.33 34.5 34.67 34.83 35 35.17 35.33 35.5 35.67 35.83 36 36.17 36.33 36.5 36.67 36.83 37 37.17 37.33 37.5 37.67 37.83 38 38.17 38.33 38.5 38.67 38.83 39 39.17 39.33 39.5 39.67 39.83 40 40.17 40.33 40.5 40.67 40.83 41 41.17 41.33 41.5 41.67 41.83 42 42.17 42.33 42.5 42.67 42.83 43 43.17 43.33 43.5 43.67 43.83 44 44.17 44.33 44.5 44.67 44.83 45 45.17 45.33 45.5 45.67 45.83 46 46.17 46.33 46.5 46.67 46.83 47 47.17 47.33 47.5 47.67 47.83 48 48.17 48.33 48.5 48.67 48.83 49 49.17 49.33 49.5 49.67 49.83 50 50.17 50.33 50.5 50.67 50.83 51 51.17 51.33 51.5 51.67 51.83 52 52.17 52.33 52.5 52.67 

# O18data 
 16 16 

#  
 204 206 

#  
 12 16.67 

#  
 0 52.67 

# endofdata 
 -999 

